750
122 
43 
633 634
73 
800 801
716 717
200 204
259 262
390 392
832 833
91 93
401 402
313 
531 
559 
477 
330 331
173 175
818 824
466 469
343 344
153 155
753 758
906 
48 
620 622
850 
853 856
409 410
359 363
131 133
564 566
825 828
500 
647 
561 
272 
609 612
507 
430 
333 
231 234
384 385
765 769
610 
291 295
3 
576 
62 
0 2
145 
768 
993 995
49 51
816 817
551 
493 
826 
100 
74 
528 529
759 760
352 
761 
24 
260 
767 
867 
740 744
830 
502 
218 221
315 
474 475
285 288
94 95
871 872
28 
176 
614 
7 
963 
4 
823 
460 
784 
654 
865 
669 
973 974
436 
196 
834 835
180 182
980 981
202 
599 600
718 
368 371
726 731
452 454
512 513
591 
964 
605 
41 
433 
34 
20 26
581 582
298 
754 
926 
568 571
328 
795 796
956 957
403 405
255 
247 
917 
977 979
161 162
958 960
23 
567 
596 
251 
663 
604 
713 
306 307
77 
805 806
183 185
38 
735 737
407 408
226 227
695 696
198 199
238 242
778 
340 
932 934
923 
494 495
583 585
899 
239 
455 458
233 
358 
35 
645 
569 
710 711
861 862
191 195
179 
808 810
114 115
840 841
66 67
627 
723 
499 
532 
743 
648 
702 
888 
706 
896 
936 
481 482
788 789
982 984
134 137
937 940
638 
325 
644 
309 
536 
147 150
929 930
837 838
607 608
662 664
205 
76 79
17 
387 
138 143
14 
592 
249 250
931 
971 
616 
75 
945 946
615 617
54 55
986 
273 280
415 417
457 
96 97
785 
898 901
908 
391 
438 443
281 
335 336
660 661
422 424
127 
217 
553 558
562 563
756 
423 
243 244
675 676
46 47
904 909
667 
71 72
694 
628 630
428 432
378 
70 
246 248
337 338
102 104
320 
913 
746 
170 
268 
435 
677 
144 146
252 253
855 
25 
602 
505 
63 
948 
346 
377 
774 781
111 
80 82
771 
560 
216 
476 478
45 
168 169
40 44
859 
393 
225 
836 
277 
361 
635 636
738 
996 999
873 876
99 101
550 
733 
364 
375 376
504 
166 
434 437
5 
652 
484 487
223 224
87 
228 
467 
194 
425 
572 573
902 903
178 
839 
714 715
688 
258 
210 
406 
742 
951 
570 
241 
678 
747 
668 670
912 915
579 580
283 
657 659
345 350
588 
997 
289 290
496 498
874 
720 721
811 
78 
286 
103 
439 
348 
611 
741 
219 
955 
780 
164 
626 
893 
347 
907 
725 
81 
450 
618 619
722 
978 
649 
734 
123 124
189 
724 
887 
812 
116 117
324 327
386 388
299 
525 527
860 
866 868
658 
691 
317 
357 
351 
158 160
468 
961 965
193 
994 
916 918
922 
880 
967 968
98 
140 
673 674
136 
639 
919 920
975 
84 85
90 
314 
52 53
121 
201 
577 578
159 
370 
68 69
820 
109 
483 
154 
701 703
316 
736 
730 
181 
254 
815 
353 355
574 
807 
543 544
629 
517 518
554 
276 
42 
829 
878 
852 
208 
36 37
739 
857 858
707 
462 
382 383
520 
621 
213 
16 
135 
323 
959 
413 414
416 
332 
506 
334 
356 
933 
297 304
265 
270 271
516 
113 
287 
846 847
939 
526 
156 157
882 883
681 683
214 215
538 
642 
263 264
870 
545 547
879 881
680 
398 399
367 
302 
586 587
275 
533 
728 
925 
211 
905 
463 
727 
613 
510 511
11 
921 
809 
637 643
485 
803 
764 
312 
655 
941 943
369 
952 953
595 598
300 
827 
56 
412 
584 
684 685
631 632
89 
446 
924 
261 
472 
86 88
779 
464 465
470 471
970 
575 
802 
831 
686 689
672 
374 
786 
256 257
303 
27 30
851 
697 698
886 
708 
819 
679 
646 
141 
985 988
362 
342 
441 
775 
22 
9 
60 
197 
447 449
311 
624 625
212 
556 
339 341
947 949
105 108
192 
1 
914 
448 
107 
491 
976 
220 
745 
451 
770 773
891 892
821 
589 590
539 
508 
459 461
206 207
497 
230 
606 
13 
431 
712 
845 
623 
397 
950 
889 
966 
843 
894 897
501 503
682 
813 814
229 
232 
519 
235 
848 
381 
942 
541 
983 
354 
509 
557 
799 
453 
129 130
139 
927 928
797 798
690 
665 666
305 
400 
748 
521 522
310 318
875 
293 
938 
479 
296 
326 
791 
540 
842 
790 
29 
39 
282 
692 
267 
772 
935 
751 752
64 65
987 
236 237
444 445
755 
184 
515 
279 
704 
174 
240 
420 
895 
473 
360 
120 
396 
650 
762 763
555 
421 
125 
151 152
31 32
844 
597 
321 322
163 165
10 12
118 119
203 
21 
308 
641 
992 
990 991
766 
699 700
776 
671 
787 
490 492
944 
869 
222 
514 
92 
489 
910 911
126 128
594 
132 
112 
177 
292 
656 
693 
849 
15 18
456 
900 
749 750
548 552
962 
719 
440 
142 
822 
729 
426 427
884 885
394 395
149 
546 
404 
379 
854 
565 
732 
593 
110 
998 
372 373
171 172
640 
877 
804 
167 
209 
777 
148 
245 
380 
687 
429 
757 
186 
294 
442 
782 783
864 
301 
488 
486 
792 
319 
349 
389 
188 190
534 535
989 
33 
274 
530 
365 366
50 
284 
411 
266 269
863 
537 542
480 
57 58
278 
6 8
523 524
601 603
19 
106 
793 794
329 
972 
418 419
651 653
705 709
187 
549 
954 
969 
83 
59 61
890 
